0.000 959.721 505.953 292.482 640.663 603.384 1116.000 233.482 431.335 217.589 884.901 395.285 559.446 700.703 832.039 933.968 394.711 993.882 1005.875 123.794 196.308 321.927 686.273 650.210 657.647 520.347 469.438 780.247 705.627 365.242 388.645 530.883 502.164 1073.325 1012.228 425.738 229.839 325.346 823.899 838.375 590.922 408.832 681.535 276.053
959.721 0.000 743.759 1210.204 985.349 596.138 181.108 886.174 652.491 1163.816 521.423 984.360 1144.275 1247.563 139.435 349.292 805.850 194.651 524.168 842.027 795.167 1082.362 275.726 531.897 753.396 531.227 557.667 258.306 573.930 1320.584 793.217 872.993 1250.672 174.863 699.201 1382.932 730.458 693.834 238.416 340.076 1242.195 672.248 300.807 812.705
505.953 743.759 0.000 604.531 263.304 764.317 838.065 640.308 633.475 706.015 960.661 823.977 402.124 505.589 606.654 907.844 119.570 872.148 1051.594 407.962 509.012 807.369 551.770 232.157 906.302 620.752 232.034 490.009 842.570 756.049 706.785 871.622 533.488 908.327 1143.070 868.758 385.603 547.629 743.067 470.558 502.757 148.607 455.274 229.924
292.482 1210.204 604.531 0.000 615.163 895.818 1352.080 508.806 723.804 254.945 1177.117 633.321 437.029 552.219 1075.391 1219.689 487.201 1266.554 1297.654 381.105 488.222 508.410 945.416 810.077 942.101 809.418 671.376 1000.872 998.071 158.619 672.688 799.315 291.940 1338.967 1303.428 290.147 492.995 616.925 1099.557 1031.762 415.766 574.395 916.223 416.386
640.663 985.349 263.304 615.163 0.000 1016.487 1057.090 828.657 873.655 796.907 1223.049 1012.299 233.540 276.212 852.555 1170.188 288.725 1126.826 1314.887 580.719 709.965 962.233 812.670 453.927 1148.695 875.439 495.073 727.199 1099.325 773.179 926.219 1091.943 420.557 1155.201 1403.687 904.657 599.754 776.858 1004.117 678.295 332.277 399.906 709.634 399.572
603.384 596.138 764.317 895.818 1016.487 0.000 776.884 412.846 172.957 739.279 286.295 429.094 1056.706 1195.492 537.964 386.988 733.900 517.604 410.099 538.978 409.181 562.844 386.412 705.539 172.012 145.262 544.415 595.165 102.259 945.013 257.963 281.114 1069.503 619.892 414.103 956.155 452.621 283.975 366.395 718.307 1124.129 618.256 494.103 650.883
1116.000 181.108 838.065 1352.080 1057.090 776.884 0.000 1058.898 831.024 1325.270 680.713 1163.339 1239.205 1329.014 285.044 498.443 917.528 323.099 662.045 995.149 961.275 1257.300 444.973 609.788 932.239 710.624 684.112 355.913 750.981 1471.200 972.186 1054.099 1363.796 243.559 845.431 1541.460 886.265 866.416 415.415 379.036 1340.713 792.720 436.931 943.157
233.482 886.174 640.308 508.806 828.657 412.846 1058.898 0.000 258.054 326.553 698.937 184.835 781.804 924.633 777.311 781.902 551.305 875.792 822.898 248.091 134.629 202.744 613.932 715.881 433.887 374.787 515.878 763.270 512.516 535.810 166.111 297.417 735.612 967.605 803.418 544.008 260.492 192.520 705.445 851.557 821.207 507.048 652.616 431.320
431.335 652.491 633.475 723.804 873.655 172.957 831.024 258.054 0.000 579.231 454.129 332.415 894.634 1035.290 560.654 524.040 586.032 621.859 576.195 367.267 236.349 436.744 394.462 619.856 275.045 122.674 434.200 579.017 274.855 779.028 141.481 265.121 898.753 716.829 586.175 799.831 288.028 111.893 453.534 688.654 957.717 484.869 467.611 492.062
217.589 1163.816 706.015 254.945 796.907 739.279 1325.270 326.553 579.231 0.000 1025.461 401.678 661.209 789.773 1040.351 1101.739 588.926 1181.113 1149.374 341.013 371.927 261.335 888.341 865.629 747.741 687.792 687.023 995.193 839.052 217.332 489.173 584.883 542.026 1266.544 1125.189 222.657 441.367 491.147 1009.738 1055.856 659.239 622.547 893.989 479.076
884.901 521.423 960.661 1177.117 1223.049 286.295 680.713 698.937 454.129 1025.461 0.000 694.873 1298.276 1431.451 534.509 185.852 957.357 362.708 124.169 809.805 688.898 838.643 449.881 840.690 338.941 377.020 728.750 642.424 187.259 1231.026 540.566 516.537 1332.613 462.157 194.494 1241.497 712.057 560.454 300.832 768.943 1374.779 826.514 576.334 894.521
395.285 984.360 823.977 633.321 1012.299 429.094 1163.339 184.835 332.415 401.678 694.873 0.000 954.112 1095.826 891.958 816.055 736.137 939.229 816.875 431.654 315.336 154.392 725.548 885.761 373.965 453.168 685.800 899.603 511.966 618.023 191.167 194.003 889.139 1038.449 755.715 584.511 440.768 325.730 776.601 999.536 985.032 687.891 787.299 615.959
559.446 1144.275 402.124 437.029 233.540 1056.706 1239.205 781.804 894.634 661.209 1298.276 954.112 0.000 143.178 1006.102 1276.954 350.036 1262.494 1402.759 545.422 688.076 871.574 933.343 630.013 1162.755 927.785 603.304 892.027 1150.329 586.837 911.691 1071.015 191.971 1305.791 1464.477 723.299 606.612 786.060 1120.839 866.804 104.043 488.954 850.323 406.307
700.703 1247.563 505.589 552.219 276.212 1195.492 1329.014 924.633 1035.290 789.773 1431.451 1095.826 143.178 0.000 1111.545 1401.742 475.631 1376.884 1533.205 688.512 831.070 1009.365 1052.020 720.950 1304.646 1064.164 722.919 991.159 1287.739 691.527 1054.735 1214.193 270.150 1413.694 1600.918 828.377 747.365 927.488 1241.826 951.254 140.089 612.052 960.692 544.648
832.039 139.435 606.654 1075.391 852.555 537.964 285.044 777.311 560.654 1040.351 534.509 891.958 1006.102 1111.545 0.000 391.996 666.507 285.407 568.452 712.126 676.580 977.529 166.412 401.721 705.975 445.426 418.470 133.147 539.579 1189.691 701.934 801.655 1111.242 302.736 725.430 1257.121 602.200 585.362 234.094 244.201 1103.494 532.846 161.805 674.439
933.968 349.292 907.844 1219.689 1170.188 386.988 498.443 781.902 524.040 1101.739 185.852 816.055 1276.954 1401.742 391.996 0.000 927.578 177.387 177.688 840.001 740.382 947.566 359.246 750.888 494.016 415.438 679.909 515.842 313.830 1294.577 640.488 656.403 1337.627 276.395 350.304 1323.278 731.575 613.373 170.942 635.708 1362.522 789.795 476.195 887.081
394.711 805.850 119.570 487.201 288.725 733.900 917.528 551.305 586.032 588.926 957.357 736.137 350.036 475.631 666.507 927.578 0.000 914.289 1057.681 308.110 426.343 705.205 583.843 330.436 861.002 596.272 254.419 562.601 821.005 637.251 638.661 804.558 446.679 961.917 1130.876 749.193 311.771 488.136 770.813 564.094 440.965 139.058 507.016 122.262
993.882 194.651 872.148 1266.554 1126.826 517.604 323.099 875.792 621.859 1181.113 362.708 939.229 1262.494 1376.884 285.407 177.387 914.289 0.000 339.860 886.644 810.033 1057.908 332.488 682.608 649.838 501.283 659.874 418.551 465.172 1359.097 753.401 797.602 1347.292 104.307 522.346 1403.690 773.897 691.471 171.397 521.725 1355.244 775.604 417.469 897.036
1005.875 524.168 1051.594 1297.654 1314.887 410.099 662.045 822.898 576.195 1149.374 124.169 816.875 1402.759 1533.205 568.452 177.688 1057.681 339.860 0.000 927.087 809.613 961.909 517.108 912.448 454.371 492.254 820.020 689.384 311.416 1354.231 664.718 635.261 1445.308 425.169 186.682 1365.643 826.376 680.739 340.203 811.322 1482.455 923.479 640.104 1002.250
123.794 842.027 407.962 381.105 580.719 538.978 995.149 248.091 367.267 341.013 809.805 431.654 545.422 688.512 712.126 840.001 308.110 886.644 927.087 0.000 143.010 399.452 570.968 531.534 622.740 435.036 346.550 656.917 639.433 478.620 366.306 526.462 531.746 961.936 953.027 548.250 113.053 255.392 718.780 714.855 597.456 294.498 559.504 186.118
196.308 795.167 509.012 488.222 709.965 409.181 961.275 134.629 236.349 371.927 688.898 315.336 688.076 831.070 676.580 740.382 426.343 810.033 809.613 143.010 0.000 327.771 519.481 582.591 480.925 325.386 383.131 647.877 511.197 554.355 223.732 385.946 670.410 894.629 820.990 594.079 126.036 129.062 638.811 728.188 740.109 373.048 540.027 310.413
321.927 1082.362 807.369 508.410 962.233 562.844 1257.300 202.744 436.744 261.335 838.643 154.392 871.574 1009.365 977.529 947.566 705.205 1057.908 961.909 399.452 327.771 0.000 812.887 908.367 526.233 559.008 710.018 966.011 652.871 472.708 307.236 348.207 782.125 1153.562 908.547 430.757 447.689 392.323 890.260 1053.319 888.714 686.394 855.278 583.069
686.273 275.726 551.770 945.416 812.670 386.412 444.973 613.932 394.462 888.341 449.881 725.548 933.343 1052.020 166.412 359.246 583.843 332.488 517.108 570.968 519.481 812.887 0.000 395.349 557.862 281.157 330.106 210.858 406.725 1049.230 535.628 639.757 1014.829 394.264 644.050 1108.011 458.345 421.474 191.450 337.350 1024.373 444.812 126.570 565.088
650.210 531.897 232.157 810.077 453.927 705.539 609.788 715.881 619.856 865.629 840.690 885.761 630.013 720.950 401.721 750.888 330.436 682.608 912.448 531.534 582.591 908.367 395.349 0.000 868.952 562.885 200.262 273.591 761.731 952.872 730.011 882.366 765.330 703.239 1033.001 1052.951 460.753 568.254 580.086 238.416 732.280 244.100 274.804 398.818
657.647 753.396 906.302 942.101 1148.695 172.012 932.239 433.887 275.045 747.741 338.941 373.965 1162.755 1304.646 705.975 494.016 861.002 649.838 454.371 622.740 480.925 526.233 557.862 868.952 0.000 306.570 697.177 767.094 184.762 963.399 269.631 183.393 1150.605 754.115 382.378 949.843 558.622 377.637 516.954 890.297 1220.010 757.916 665.920 764.438
520.347 531.227 620.752 809.418 875.439 145.262 710.624 374.787 122.674 687.792 377.020 453.168 927.785 1064.164 445.426 415.438 596.272 501.283 492.254 435.036 325.386 559.008 281.157 562.885 306.570 0.000 399.205 478.167 224.735 879.228 262.092 359.480 955.641 594.916 536.809 910.043 335.048 197.942 331.789 595.364 1000.585 475.972 370.277 521.789
469.438 557.667 232.034 671.376 495.073 544.415 684.112 515.878 434.200 687.023 728.750 685.800 603.304 722.919 418.470 679.909 254.419 659.874 820.020 346.550 383.131 710.018 330.106 200.262 697.177 399.205 0.000 329.989 616.283 800.311 534.499 691.298 693.934 709.035 912.290 887.196 263.685 371.486 518.958 369.899 695.383 116.155 256.877 259.046
780.247 258.306 490.009 1000.872 727.199 595.165 355.913 763.270 579.017 995.193 642.424 899.603 892.027 991.159 133.147 515.842 562.601 418.551 689.384 656.917 647.877 966.011 210.858 273.591 767.094 478.167 329.989 0.000 617.163 1125.958 715.681 836.628 1009.250 430.406 836.301 1205.010 554.217 578.018 349.468 127.883 991.767 436.867 112.308 588.656
705.627 573.930 842.570 998.071 1099.325 102.259 750.981 512.516 274.855 839.052 187.259 511.966 1150.329 1287.739 539.579 313.830 821.005 465.172 311.416 639.433 511.197 652.871 406.725 761.731 184.762 224.735 616.283 617.163 0.000 1046.211 353.307 343.208 1168.798 569.422 315.294 1054.400 549.714 385.161 335.836 744.070 1220.356 699.486 526.343 744.023
365.242 1320.584 756.049 158.619 773.179 945.013 1471.200 535.810 779.028 217.332 1231.026 618.023 586.837 691.527 1189.691 1294.577 637.251 1359.097 1354.231 478.620 554.355 472.708 1049.230 952.872 963.399 879.228 800.311 1125.958 1046.211 0.000 701.131 802.200 422.536 1438.213 1338.597 137.015 590.894 681.448 1188.951 1167.110 551.928 712.074 1034.354 554.499
388.645 793.217 706.785 672.688 926.219 257.963 972.186 166.111 141.481 489.173 540.566 191.167 911.691 1054.735 701.934 640.488 638.661 753.401 664.718 366.306 223.732 307.236 535.628 730.011 269.631 262.092 534.499 715.681 353.307 701.131 0.000 165.922 885.606 851.021 637.558 701.657 326.914 163.355 588.211 821.005 961.546 561.121 603.590 528.746
530.883 872.993 871.622 799.315 1091.943 281.114 1054.099 297.417 265.121 584.883 516.537 194.003 1071.015 1214.193 801.655 656.403 804.558 797.602 635.261 526.462 385.946 348.207 639.757 882.366 183.393 359.480 691.298 836.628 343.208 802.200 165.922 0.000 1032.934 900.467 562.766 776.999 492.830 324.895 647.063 950.558 1115.966 725.110 727.003 693.883
502.164 1250.672 533.488 291.940 420.557 1069.503 1363.796 735.612 898.753 542.026 1332.613 889.139 191.971 270.150 1111.242 1337.627 446.679 1347.292 1445.308 531.746 670.410 782.125 1014.829 765.330 1150.605 955.641 693.934 1009.250 1168.798 422.536 885.606 1032.934 0.000 1402.300 1483.505 559.035 620.823 786.873 1193.356 1003.426 130.062 578.527 950.365 451.887
1073.325 174.863 908.327 1338.967 1155.201 619.892 243.559 967.605 716.829 1266.544 462.157 1038.449 1305.791 1413.694 302.736 276.395 961.917 104.307 425.169 961.936 894.629 1153.562 394.264 703.239 754.115 594.916 709.035 430.406 569.422 1438.213 851.021 900.467 1402.300 0.000 611.121 1488.621 848.889 780.126 263.304 514.328 1401.644 825.102 455.588 956.352
1012.228 699.201 1143.070 1303.428 1403.687 414.103 845.431 803.418 586.175 1125.189 194.494 755.715 1464.477 1600.918 725.430 350.304 1130.876 522.346 186.682 953.027 820.990 908.547 644.050 1033.001 382.378 536.809 912.290 836.301 315.294 1338.597 637.558 562.766 1483.505 611.121 0.000 1331.199 864.995 697.800 491.374 962.369 1535.527 1004.526 770.580 1058.280
425.738 1382.932 868.758 290.147 904.657 956.155 1541.460 544.008 799.831 222.657 1241.497 584.511 723.299 828.377 1257.121 1323.278 749.193 1403.690 1365.643 548.250 594.079 430.757 1108.011 1052.951 949.843 910.043 887.196 1205.010 1054.400 137.015 701.657 776.999 559.035 1488.621 1331.199 0.000 655.220 713.732 1232.329 1256.971 688.654 809.227 1107.258 655.190
229.839 730.458 385.603 492.995 599.754 452.621 886.265 260.492 288.028 441.367 712.057 440.768 606.612 747.365 602.200 731.575 311.771 773.897 826.376 113.053 126.036 447.689 458.345 460.753 558.622 335.048 263.685 554.217 549.714 590.894 326.914 492.830 620.823 848.889 864.995 655.220 0.000 181.041 606.568 622.001 671.527 247.164 452.800 206.119
325.346 693.834 547.629 616.925 776.858 283.975 866.416 192.520 111.893 491.147 560.454 325.730 786.060 927.488 585.362 613.373 488.136 691.471 680.739 255.392 129.062 392.323 421.474 568.254 377.637 197.942 371.486 578.018 385.161 681.448 163.355 324.895 786.873 780.126 697.800 713.732 181.041 0.000 520.162 674.265 847.047 400.442 466.154 387.072
823.899 238.416 743.067 1099.557 1004.117 366.395 415.415 705.445 453.534 1009.738 300.832 776.601 1120.839 1241.826 234.094 170.942 770.813 171.397 340.203 718.780 638.811 890.260 191.450 580.086 516.954 331.789 518.958 349.468 335.836 1188.951 588.211 647.063 1193.356 263.304 491.374 1232.329 606.568 520.162 0.000 473.026 1209.751 631.922 305.321 741.504
838.375 340.076 470.558 1031.762 678.295 718.307 379.036 851.557 688.654 1055.856 768.943 999.536 866.804 951.254 244.201 635.708 564.094 521.725 811.322 714.855 728.188 1053.319 337.350 238.416 890.297 595.364 369.899 127.883 744.070 1167.110 821.005 950.558 1003.426 514.328 962.369 1256.971 622.001 674.265 473.026 0.000 969.629 457.372 225.320 615.443
590.922 1242.195 502.757 415.766 332.277 1124.129 1340.713 821.207 957.717 659.239 1374.779 985.032 104.043 140.089 1103.494 1362.522 440.965 1355.244 1482.455 597.456 740.109 888.714 1024.373 732.280 1220.010 1000.585 695.383 991.767 1220.356 551.928 961.546 1115.966 130.062 1401.644 1535.527 688.654 671.527 847.047 1209.751 969.629 0.000 579.718 946.100 480.402
408.832 672.248 148.607 574.395 399.906 618.256 792.720 507.048 484.869 622.547 826.514 687.891 488.954 612.052 532.846 789.795 139.058 775.604 923.479 294.498 373.048 686.394 444.812 244.100 757.916 475.972 116.155 436.867 699.486 712.074 561.121 725.110 578.527 825.102 1004.526 809.227 247.164 400.442 631.922 457.372 579.718 0.000 371.841 158.218
681.535 300.807 455.274 916.223 709.634 494.103 436.931 652.616 467.611 893.989 576.334 787.299 850.323 960.692 161.805 476.195 507.016 417.469 640.104 559.504 540.027 855.278 126.570 274.804 665.920 370.277 256.877 112.308 526.343 1034.354 603.590 727.003 950.365 455.588 770.580 1107.258 452.800 466.154 305.321 225.320 946.100 371.841 0.000 512.762
276.053 812.705 229.924 416.386 399.572 650.883 943.157 431.320 492.062 479.076 894.521 615.959 406.307 544.648 674.439 887.081 122.262 897.036 1002.250 186.118 310.413 583.069 565.088 398.818 764.438 521.789 259.046 588.656 744.023 554.499 528.746 693.883 451.887 956.352 1058.280 655.190 206.119 387.072 741.504 615.443 480.402 158.218 512.762 0.000
