0.000 678.862 751.481 833.658 1234.998 176.672 1232.534 295.779 702.164 509.117 144.700 723.395 648.002 774.010 915.987 518.961 263.078 1031.501 390.333 451.314 1076.506 422.512 279.079 655.626 1195.532 120.540 1099.063 1195.876 572.965 524.202 199.482 399.712 1170.194 536.493 808.458 1032.756 511.489 482.308 506.320 887.020 124.000 401.419 808.918 462.004 732.083
678.862 0.000 746.571 341.013 848.303 807.952 944.663 452.365 250.170 804.033 775.387 115.122 889.767 347.121 1079.535 344.384 913.245 702.186 485.618 359.651 918.915 885.581 524.391 346.055 1276.409 613.561 1093.077 1107.441 179.176 458.629 662.338 405.311 1019.436 734.429 175.419 982.855 601.455 213.846 890.587 552.415 799.633 739.343 561.208 256.205 858.973
751.481 746.571 0.000 539.682 604.772 708.834 529.627 825.768 521.791 332.488 894.290 860.665 280.189 1072.287 345.585 931.419 986.332 416.156 399.284 450.608 333.362 520.500 490.980 1020.108 534.562 633.064 374.486 447.451 576.483 316.796 912.340 884.060 420.773 245.000 704.347 287.007 243.822 611.344 433.207 367.920 788.835 395.835 269.676 786.234 159.000
833.658 341.013 539.682 0.000 507.909 906.071 607.975 704.074 135.724 733.011 962.499 441.956 767.610 680.662 884.150 666.731 1094.598 367.751 490.874 387.418 614.421 875.939 585.867 686.656 1025.531 731.167 825.218 809.892 287.155 379.512 890.498 694.801 709.138 638.614 203.789 710.049 511.353 387.737 839.689 233.624 935.034 713.376 285.223 543.725 687.514
1234.998 848.303 604.772 507.909 0.000 1250.984 183.199 1178.170 624.677 929.424 1377.045 944.119 882.683 1181.102 839.844 1171.082 1495.243 205.915 845.819 798.589 376.161 1114.009 957.256 1194.295 828.136 1117.306 628.373 525.259 774.474 711.101 1339.496 1186.658 406.041 832.831 693.987 537.023 763.970 867.862 1035.031 350.839 1309.747 969.137 427.930 1040.766 749.106
176.672 807.952 708.834 906.071 1250.984 0.000 1222.415 467.714 783.779 412.869 247.913 867.452 545.484 940.800 809.223 689.041 289.249 1045.069 421.304 520.162 1042.068 277.908 320.206 825.506 1093.846 194.435 1023.936 1136.226 675.954 552.110 364.343 572.102 1127.956 469.834 916.542 973.379 491.009 598.505 377.276 915.161 100.663 318.135 824.488 616.520 653.391
1232.534 944.663 529.627 607.975 183.199 1222.415 0.000 1219.693 702.599 862.047 1377.045 1049.524 791.313 1288.232 702.481 1244.850 1485.220 242.745 844.261 824.348 231.277 1050.107 954.158 1285.813 655.665 1112.222 464.087 347.748 840.859 715.159 1360.015 1243.267 232.045 772.845 808.129 387.660 732.306 924.533 960.384 399.101 1292.256 920.074 437.321 1106.194 652.192
295.779 452.365 825.768 704.074 1178.170 467.714 1219.693 0.000 569.548 688.567 343.233 464.010 819.398 479.718 1074.695 223.379 477.247 990.013 427.739 398.549 1111.952 667.162 358.218 359.956 1334.353 307.417 1198.968 1266.343 416.924 524.024 211.570 104.389 1213.422 674.154 613.457 1110.968 590.181 316.588 725.342 831.733 415.987 584.939 782.897 199.462 862.037
702.164 250.170 521.791 135.724 624.677 783.779 702.599 569.548 0.000 654.836 828.686 363.200 711.016 597.095 865.000 547.165 961.784 460.109 379.328 263.928 668.880 779.699 464.776 583.693 1040.185 603.364 850.469 858.362 153.405 289.126 754.777 565.081 769.270 567.797 186.046 738.312 433.614 252.960 756.340 305.374 806.852 619.013 312.155 416.617 652.945
509.117 804.033 332.488 733.011 929.424 412.869 862.047 688.567 654.836 0.000 637.177 903.117 138.917 1065.122 406.872 860.600 701.833 731.198 322.453 444.563 657.451 188.096 336.400 979.455 687.745 410.621 611.703 729.082 627.313 366.000 700.469 775.604 733.415 100.245 834.317 568.177 222.506 606.970 110.164 641.627 506.675 108.669 537.339 732.912 242.638
144.700 775.387 894.290 962.499 1377.045 247.913 1377.045 343.233 828.686 637.177 0.000 803.080 774.932 813.669 1042.421 557.032 137.884 1174.266 534.013 586.919 1220.639 524.040 423.132 689.470 1324.834 265.240 1236.835 1337.120 691.107 667.133 155.361 436.041 1313.767 673.766 918.976 1173.767 655.540 594.781 618.943 1027.987 148.923 532.159 951.992 536.270 867.669
723.395 115.122 860.665 441.956 944.119 867.452 1049.524 464.010 363.200 903.117 803.080 0.000 995.121 238.730 1191.500 303.449 939.409 808.006 581.395 459.635 1031.943 971.481 605.925 263.486 1391.265 674.248 1208.189 1221.417 288.043 567.493 674.828 393.815 1131.934 838.430 251.962 1097.864 707.433 298.464 984.693 661.804 846.898 831.828 675.107 266.811 970.013
648.002 889.767 280.189 767.610 882.683 545.484 791.313 819.398 711.016 138.917 774.932 995.121 0.000 1172.796 268.039 981.033 834.652 696.336 427.151 537.113 572.042 292.099 462.555 1094.457 550.074 548.693 488.215 615.605 710.623 433.472 839.102 902.497 635.843 157.953 896.085 460.492 288.321 706.134 186.489 635.334 641.656 247.316 531.583 847.685 139.703
774.010 347.121 1072.287 680.662 1181.102 940.800 1288.232 479.718 597.095 1065.122 813.669 238.730 1172.796 0.000 1390.246 257.420 939.282 1046.576 746.268 640.125 1265.231 1099.498 739.698 125.575 1606.564 761.190 1430.706 1452.183 497.257 764.094 664.091 379.012 1366.137 1014.935 487.201 1322.864 892.335 469.707 1132.235 899.080 895.520 979.400 906.722 338.615 1166.803
915.987 1079.535 345.585 884.150 839.844 809.223 702.481 1074.695 865.000 406.872 1042.421 1191.500 268.039 1390.246 0.000 1220.041 1097.379 694.395 661.233 751.229 471.988 542.351 716.599 1324.125 285.012 815.010 282.526 430.113 903.692 626.911 1106.099 1151.610 494.620 400.552 1048.950 316.481 502.004 920.961 435.877 694.713 907.009 514.898 606.295 1080.336 223.486
518.961 344.384 931.419 666.731 1171.082 689.041 1244.850 223.379 547.165 860.600 557.032 303.449 981.033 257.420 1220.041 0.000 684.828 1004.106 559.047 480.817 1176.494 868.733 524.864 136.682 1460.724 517.406 1303.821 1349.417 404.079 614.714 409.766 121.594 1279.446 826.531 519.773 1204.653 718.946 329.621 914.031 845.810 639.294 765.101 823.569 146.031 998.880
263.078 913.245 986.332 1094.598 1495.243 289.249 1485.220 477.247 961.784 701.833 137.884 939.409 834.652 939.282 1097.379 684.828 0.000 1290.817 649.426 714.228 1317.551 559.394 538.001 814.074 1382.259 378.021 1312.040 1421.271 826.799 784.200 275.262 565.410 1407.075 753.698 1056.279 1257.961 755.363 731.443 663.019 1148.662 197.995 604.206 1067.972 672.686 941.210
1031.501 702.186 416.156 367.751 205.915 1045.069 242.745 990.013 460.109 731.198 1174.266 808.006 696.336 1046.576 694.395 1004.106 1290.817 0.000 641.568 601.646 286.252 913.460 753.072 1043.090 745.081 913.142 536.263 477.604 600.710 507.301 1142.510 1007.321 363.588 633.003 570.169 426.550 558.660 687.553 838.672 159.477 1104.305 765.622 222.847 867.139 569.278
390.333 485.618 399.284 490.874 845.819 421.304 844.261 427.739 379.328 322.453 534.013 581.395 427.151 746.268 661.233 559.047 649.426 641.568 0.000 128.265 702.574 407.593 111.503 667.971 909.992 271.577 771.391 844.009 313.683 134.952 522.705 493.812 801.011 269.898 540.156 685.843 163.490 284.522 404.969 500.609 466.725 254.443 418.799 421.692 441.458
451.314 359.651 450.608 387.418 798.589 520.162 824.348 398.549 263.928 444.563 586.919 459.635 537.113 640.125 751.229 480.817 714.228 601.646 128.265 0.000 715.001 535.373 200.861 574.415 981.216 344.328 823.597 876.532 185.540 134.104 541.170 439.966 817.103 379.606 414.146 726.829 252.438 170.485 531.914 447.769 548.091 382.498 387.083 335.887 527.800
1076.506 918.915 333.362 614.421 376.161 1042.068 231.277 1111.952 668.880 657.451 1220.639 1031.943 572.042 1265.231 471.988 1176.494 1317.551 286.252 702.574 715.001 0.000 844.461 805.723 1240.328 463.729 956.515 257.002 196.311 780.795 588.430 1225.142 1153.085 102.956 576.851 816.202 161.112 565.099 846.981 748.766 380.821 1120.640 728.701 359.006 1031.609 432.404
422.512 885.581 520.500 875.939 1114.009 277.908 1050.107 667.162 779.699 188.096 524.040 971.481 292.099 1099.498 542.351 868.733 559.394 913.460 407.593 535.373 844.461 0.000 366.105 998.764 827.068 360.669 780.303 906.071 719.701 496.677 621.953 766.093 917.829 281.221 947.268 748.054 373.466 674.579 107.201 813.620 378.550 162.607 711.101 760.907 421.033
279.079 524.391 490.980 585.867 957.256 320.206 954.158 358.218 464.776 336.400 423.132 605.925 462.555 739.698 716.599 524.864 538.001 753.072 111.503 200.861 805.723 366.105 0.000 646.888 979.617 160.078 855.900 938.395 369.716 246.205 421.628 440.183 902.331 316.057 608.153 777.541 247.245 311.082 392.827 611.310 357.398 241.118 530.298 402.404 506.442
655.626 346.055 1020.108 686.656 1194.295 825.506 1285.813 359.956 583.693 979.455 689.470 263.486 1094.457 125.575 1324.125 136.682 814.074 1043.090 667.971 574.415 1240.328 998.764 646.888 0.000 1553.829 651.596 1387.255 1421.042 459.759 705.057 539.001 257.109 1342.714 937.795 511.197 1283.424 822.344 408.769 1039.031 888.984 775.699 888.006 882.052 246.903 1101.136
1195.532 1276.409 534.562 1025.531 828.136 1093.846 655.665 1334.353 1040.185 687.745 1324.834 1391.265 550.074 1606.564 285.012 1460.724 1382.259 745.081 909.992 981.216 463.729 827.068 979.617 1553.829 0.000 1090.505 208.856 310.272 1109.964 848.925 1381.970 1403.714 423.860 667.199 1213.514 321.820 746.539 1145.175 720.809 803.807 1191.168 794.269 741.351 1316.844 473.187
120.540 613.561 633.064 731.167 1117.306 194.435 1112.222 307.417 603.364 410.621 265.240 674.248 548.693 761.190 815.010 517.406 378.021 913.142 271.577 344.328 956.515 360.669 160.078 651.596 1090.505 0.000 985.622 1078.782 486.042 406.214 291.494 408.495 1050.752 425.677 726.034 916.027 391.782 405.005 427.076 770.795 203.868 302.035 690.351 429.076 622.043
1099.063 1093.077 374.486 825.218 628.373 1023.936 464.087 1198.968 850.469 611.703 1236.835 1208.189 488.215 1430.706 282.526 1303.821 1312.040 536.263 771.391 823.597 257.002 780.303 855.900 1387.255 208.856 985.622 0.000 148.661 933.829 689.493 1273.039 1258.546 235.053 563.099 1017.951 115.434 610.797 979.729 674.154 599.270 1115.191 708.297 544.063 1158.117 370.860
1195.876 1107.441 447.451 809.892 525.259 1136.226 347.748 1266.343 858.362 729.082 1337.120 1221.417 615.605 1452.183 430.113 1349.417 1421.271 477.604 844.009 876.532 196.311 906.071 938.395 1421.042 310.272 1078.782 148.661 0.000 961.651 744.529 1359.787 1316.417 120.341 667.572 1010.814 163.478 691.272 1020.385 801.918 576.494 1223.350 818.133 546.312 1203.541 486.766
572.965 179.176 576.483 287.155 774.474 675.954 840.859 416.924 153.405 627.313 691.107 288.043 710.623 497.257 903.692 404.079 826.799 600.710 313.683 185.540 780.795 719.701 369.716 459.759 1109.964 486.042 933.829 961.651 0.000 279.873 606.976 412.680 883.342 555.577 240.608 827.113 422.303 101.045 717.131 441.952 685.309 568.032 423.341 266.993 681.981
524.202 458.629 316.796 379.512 711.101 552.110 715.159 524.024 289.126 366.000 667.133 567.493 433.472 764.094 626.911 614.714 784.200 507.301 134.952 134.104 588.430 496.677 246.205 705.057 848.925 406.214 689.493 744.529 279.873 0.000 645.477 572.281 689.529 282.540 468.834 593.263 147.122 296.906 467.388 365.821 601.322 334.283 284.860 469.438 403.937
199.482 662.338 912.340 890.498 1339.496 364.343 1360.015 211.570 754.777 700.469 155.361 674.828 839.102 664.091 1106.099 409.766 275.262 1142.510 522.705 541.170 1225.142 621.953 421.628 539.001 1381.970 291.494 1273.039 1359.787 606.976 645.477 0.000 291.323 1322.930 716.331 818.843 1198.412 668.521 506.338 704.770 988.794 279.258 591.838 924.949 411.024 912.602
399.712 405.311 884.060 694.801 1186.658 572.102 1243.267 104.389 565.081 775.604 436.041 393.815 902.497 379.012 1151.610 121.594 565.410 1007.321 493.812 439.966 1153.085 766.093 440.183 257.109 1403.714 408.495 1258.546 1316.417 412.680 572.281 291.323 0.000 1255.632 752.532 576.605 1165.263 657.189 319.883 819.421 847.852 518.785 674.985 810.936 153.395 934.508
1170.194 1019.436 420.773 709.138 406.041 1127.956 232.045 1213.422 769.270 733.415 1313.767 1131.934 635.843 1366.137 494.620 1279.446 1407.075 363.588 801.011 817.103 102.956 917.829 902.331 1342.714 423.860 1050.752 235.053 120.341 883.342 689.529 1322.930 1255.632 0.000 659.200 912.121 182.409 658.991 949.937 818.204 475.946 1209.483 811.705 460.896 1134.563 498.439
536.493 734.429 245.000 638.614 832.831 469.834 772.845 674.154 567.797 100.245 673.766 838.430 157.953 1014.935 400.552 826.531 753.698 633.003 269.898 379.606 576.851 281.221 316.057 937.795 667.199 425.677 563.099 667.572 555.577 282.540 716.331 752.532 659.200 0.000 750.457 504.296 135.418 548.255 210.345 541.383 555.792 152.506 437.104 691.286 196.367
808.458 175.419 704.347 203.789 693.987 916.542 808.129 613.457 186.046 834.317 918.976 251.962 896.085 487.201 1048.950 519.773 1056.279 570.169 540.156 414.146 816.202 947.268 608.153 511.197 1213.514 726.034 1017.951 1010.814 240.608 468.834 818.843 576.605 912.121 750.457 0.000 903.703 615.376 326.242 932.636 436.177 923.578 789.861 473.888 424.454 838.619
1032.756 982.855 287.007 710.049 537.023 973.379 387.660 1110.968 738.312 568.177 1173.767 1097.864 460.492 1322.864 316.481 1204.653 1257.961 426.550 685.843 726.829 161.112 748.054 777.541 1283.424 321.820 916.027 115.434 163.478 827.113 593.263 1198.412 1165.263 182.409 504.296 903.703 0.000 530.306 877.849 645.555 483.870 1060.012 655.243 429.951 1058.643 327.136
511.489 601.455 243.822 511.353 763.970 491.009 732.306 590.181 433.614 222.506 655.540 707.433 288.321 892.335 502.004 718.946 755.363 558.660 163.490 252.438 565.099 373.466 247.245 822.344 746.539 391.782 610.797 691.272 422.303 147.122 668.521 657.189 658.991 135.418 615.376 530.306 0.000 422.888 328.343 443.687 560.533 213.860 344.201 578.371 279.946
482.308 213.846 611.344 387.737 867.862 598.505 924.533 316.588 252.960 606.970 594.781 298.464 706.134 469.707 920.961 329.621 731.443 687.553 284.522 170.485 846.981 674.579 311.082 408.769 1145.175 405.005 979.729 1020.385 101.045 296.906 506.338 319.883 949.937 548.255 326.242 877.849 422.888 0.000 686.348 528.076 598.629 533.376 496.101 184.784 697.475
506.320 890.587 433.207 839.689 1035.031 377.276 960.384 725.342 756.340 110.164 618.943 984.693 186.489 1132.235 435.877 914.031 663.019 838.672 404.969 531.914 748.766 107.201 392.827 1039.031 720.809 427.076 674.154 801.918 717.131 467.388 704.770 819.421 818.204 210.345 932.636 645.555 328.343 686.348 0.000 751.697 477.066 153.561 647.328 795.226 319.820
887.020 552.415 367.920 233.624 350.839 915.161 399.101 831.733 305.374 641.627 1027.987 661.804 635.334 899.080 694.713 845.810 1148.662 159.477 500.609 447.769 380.821 813.620 611.310 888.984 803.807 770.795 599.270 576.494 441.952 365.821 988.794 847.852 475.946 541.383 436.177 483.870 443.687 528.076 751.697 0.000 967.139 657.123 104.785 707.984 526.642
124.000 799.633 788.835 935.034 1309.747 100.663 1292.256 415.987 806.852 506.675 148.923 846.898 641.656 895.520 907.009 639.294 197.995 1104.305 466.725 548.091 1120.640 378.550 357.398 775.699 1191.168 203.868 1115.191 1223.350 685.309 601.322 279.258 518.785 1209.483 555.792 923.578 1060.012 560.533 598.629 477.066 967.139 0.000 406.941 881.819 586.003 744.345
401.419 739.343 395.835 713.376 969.137 318.135 920.074 584.939 619.013 108.669 532.159 831.828 247.316 979.400 514.898 765.101 604.206 765.622 254.443 382.498 728.701 162.607 241.118 888.006 794.269 302.035 708.297 818.133 568.032 334.283 591.838 674.985 811.705 152.506 789.861 655.243 213.860 533.376 153.561 657.123 406.941 0.000 556.354 643.152 337.511
808.918 561.208 269.676 285.223 427.930 824.488 437.321 782.897 312.155 537.339 951.992 675.107 531.583 906.722 606.295 823.569 1067.972 222.847 418.799 387.083 359.006 711.101 530.298 882.052 741.351 690.351 544.063 546.312 423.341 284.860 924.949 810.936 460.896 437.104 473.888 429.951 344.201 496.101 647.328 104.785 881.819 556.354 0.000 680.536 426.938
462.004 256.205 786.234 543.725 1040.766 616.520 1106.194 199.462 416.617 732.912 536.270 266.811 847.685 338.615 1080.336 146.031 672.686 867.139 421.692 335.887 1031.609 760.907 402.404 246.903 1316.844 429.076 1158.117 1203.541 266.993 469.438 411.024 153.395 1134.563 691.286 424.454 1058.643 578.371 184.784 795.226 707.984 586.003 643.152 680.536 0.000 858.080
732.083 858.973 159.000 687.514 749.106 653.391 652.192 862.037 652.945 242.638 867.669 970.013 139.703 1166.803 223.486 998.880 941.210 569.278 441.458 527.800 432.404 421.033 506.442 1101.136 473.187 622.043 370.860 486.766 681.981 403.937 912.602 934.508 498.439 196.367 838.619 327.136 279.946 697.475 319.820 526.642 744.345 337.511 426.938 858.080 0.000
