0.000 93.638 385.240 478.440 618.917 681.448 917.148 992.581 1058.579 1181.833 1284.979 1290.472 1376.350 1446.990 1476.652 1506.150 1477.200 1431.318 1350.148 1321.836 1294.261 1290.463 1256.873 1176.004 1163.892
93.638 0.000 377.923 494.410 639.802 711.969 957.217 1033.031 1100.740 1215.971 1319.795 1332.908 1416.702 1490.531 1522.447 1554.156 1530.430 1485.557 1404.651 1377.918 1350.748 1344.696 1311.976 1229.514 1214.323
385.240 377.923 0.000 150.416 289.558 379.729 636.454 710.305 780.449 873.291 976.890 1007.645 1084.801 1165.484 1202.911 1240.333 1233.146 1192.548 1114.358 1093.920 1068.967 1054.978 1026.255 940.666 915.477
478.440 494.410 150.416 0.000 146.455 230.671 487.103 561.487 631.495 730.097 834.044 860.066 938.823 1018.160 1054.699 1091.394 1082.924 1042.183 963.945 943.560 918.676 904.562 875.891 790.283 765.123
618.917 639.802 289.558 146.455 0.000 97.867 350.408 422.711 492.919 584.624 688.461 718.410 795.252 876.097 914.016 952.232 949.144 910.210 833.682 816.020 792.365 775.171 748.516 662.864 633.746
681.448 711.969 379.729 230.671 97.867 0.000 256.726 330.831 400.880 504.180 608.112 629.623 709.372 787.787 824.044 860.802 854.309 814.609 737.461 719.084 695.175 678.660 651.504 565.799 537.736
917.148 957.217 636.454 487.103 350.408 256.726 0.000 75.822 144.779 271.950 371.683 376.076 459.674 534.135 568.595 604.371 598.785 560.407 485.077 470.032 448.036 427.579 403.339 318.818 285.272
992.581 1033.031 710.305 561.487 422.711 330.831 75.822 0.000 70.214 203.081 299.448 300.323 383.965 458.442 493.426 530.031 528.444 491.863 418.890 407.182 387.129 363.209 342.118 260.492 221.443
1058.579 1100.740 780.449 631.495 492.919 400.880 144.779 70.214 0.000 160.112 245.122 232.207 318.152 389.873 423.817 459.923 459.087 423.458 352.166 343.000 324.680 298.136 279.866 202.529 158.912
1181.833 1215.971 873.291 730.097 584.624 504.180 271.950 203.081 160.112 0.000 104.005 166.048 218.762 307.176 352.955 399.656 434.968 414.132 364.660 373.054 365.903 328.732 328.105 281.656 233.309
1284.979 1319.795 976.890 834.044 688.461 608.112 371.683 299.448 245.122 104.005 0.000 117.154 128.250 218.742 268.119 318.025 371.704 361.093 329.679 348.543 349.382 309.742 320.652 300.847 259.384
1290.472 1332.908 1007.645 860.066 718.410 629.623 376.076 300.323 232.207 166.048 117.154 0.000 91.285 158.218 196.400 238.799 269.164 251.104 213.009 231.467 233.309 193.610 207.685 204.534 173.566
1376.350 1416.702 1084.801 938.823 795.252 709.372 459.674 383.965 318.152 218.762 128.250 91.285 0.000 90.554 140.000 190.379 254.094 253.211 244.131 273.514 283.894 246.260 269.967 286.295 261.228
1446.990 1490.531 1165.484 1018.160 876.097 787.787 534.135 458.442 389.873 307.176 218.742 158.218 90.554 0.000 50.990 102.391 183.096 196.459 215.870 252.686 271.065 240.008 271.812 313.409 301.529
1476.652 1522.447 1202.911 1054.699 914.016 824.044 568.595 493.426 423.817 352.955 268.119 196.400 140.000 50.990 0.000 51.420 140.584 163.083 200.000 239.102 261.297 235.805 270.485 324.353 320.000
1506.150 1554.156 1240.333 1091.394 952.232 860.802 604.371 530.031 459.923 399.656 318.025 238.799 190.379 102.391 51.420 0.000 104.000 138.708 194.535 234.047 259.384 240.682 276.843 341.006 343.657
1477.200 1530.430 1233.146 1082.924 949.144 854.309 598.785 528.444 459.087 434.968 371.704 269.164 254.094 183.096 140.584 104.000 0.000 49.396 128.701 163.003 191.207 187.211 222.104 301.219 318.478
1431.318 1485.557 1192.548 1042.183 910.210 814.609 560.407 491.863 423.458 414.132 361.093 251.104 253.211 196.459 163.083 138.708 49.396 0.000 81.216 113.851 142.127 140.911 174.774 256.096 277.078
1350.148 1404.651 1114.358 963.945 833.682 737.461 485.077 418.890 352.166 364.660 329.679 213.009 244.131 215.870 200.000 194.535 128.701 81.216 0.000 39.623 65.391 60.033 93.606 175.514 200.000
1321.836 1377.918 1093.920 943.560 816.020 719.084 470.032 407.182 343.000 373.054 348.543 231.467 273.514 252.686 239.102 234.047 163.003 113.851 39.623 0.000 28.320 45.891 67.676 153.379 185.779
1294.261 1350.748 1068.967 918.676 792.365 695.175 448.036 387.129 324.680 365.903 349.382 233.309 283.894 271.065 261.297 259.384 191.207 142.127 65.391 28.320 0.000 39.699 45.011 129.634 166.048
1290.463 1344.696 1054.978 904.562 775.171 678.660 427.579 363.209 298.136 328.732 309.742 193.610 246.260 240.008 235.805 240.682 187.211 140.911 60.033 45.891 39.699 0.000 36.359 115.486 142.394
1256.873 1311.976 1026.255 875.891 748.516 651.504 403.339 342.118 279.866 328.105 320.652 207.685 269.967 271.812 270.485 276.843 222.104 174.774 93.606 67.676 45.011 36.359 0.000 85.726 121.103
1176.004 1229.514 940.666 790.283 662.864 565.799 318.818 260.492 202.529 281.656 300.847 204.534 286.295 313.409 324.353 341.006 301.219 256.096 175.514 153.379 129.634 115.486 85.726 0.000 49.204
1163.892 1214.323 915.477 765.123 633.746 537.736 285.272 221.443 158.912 233.309 259.384 173.566 261.228 301.529 320.000 343.657 318.478 277.078 200.000 185.779 166.048 142.394 121.103 49.204 0.000
