0.000 295281.655 360342.068 456216.911 23941.712 73099.019 367829.100 332805.514 410500.160 1099044.988 93515.215 81784.394 902104.707 83453.545 361387.867 71497.560 80860.302 91461.631 464128.100 28070.680
295281.655 0.000 274209.104 325454.207 275431.180 359622.682 285103.628 269661.049 202141.481 1076504.651 382201.208 260643.927 865520.086 311100.714 272337.923 294941.900 290221.503 381926.753 281620.124 304453.942
360342.068 274209.104 0.000 598518.592 337335.056 380234.456 10950.239 30631.279 475153.629 1343215.678 397894.684 279948.071 1133423.900 306884.478 3281.070 304189.500 293400.492 401569.195 555186.113 346424.244
456216.911 325454.207 598518.592 0.000 451847.538 527495.294 609462.025 591030.474 141018.327 755490.670 544770.495 481047.962 543948.861 521565.006 596825.752 503490.833 505742.263 541054.384 79692.068 481149.362
23941.712 275431.180 337335.056 451847.538 0.000 86253.654 344976.707 310089.082 399168.878 1107677.858 108293.420 60893.579 909038.706 74585.766 338322.588 59068.984 66444.234 107294.770 455746.421 31420.017
73099.019 359622.682 380234.456 527495.294 86253.654 0.000 386084.834 350589.267 483452.712 1150719.924 22622.054 110595.513 957756.674 73355.749 381848.081 78437.578 88470.112 23419.893 537080.135 55489.551
367829.100 285103.628 10950.239 609462.025 344976.707 386084.834 0.000 35513.219 485960.622 1354104.420 403402.225 287079.979 1144335.515 312736.609 12871.740 310575.135 299739.446 407184.633 566013.066 353352.191
332805.514 269661.049 30631.279 591030.474 310089.082 350589.267 35513.219 0.000 471743.337 1331191.868 367976.188 251849.079 1122082.886 277238.017 32965.327 275081.522 264240.493 371731.704 551265.202 318003.506
410500.160 202141.481 475153.629 141018.327 399168.878 483452.712 485960.622 471743.337 0.000 894347.244 503923.209 411671.267 682879.686 458704.132 473116.280 440517.705 439868.415 501515.287 80273.665 430512.582
1099044.988 1076504.651 1343215.678 755490.670 1107677.858 1150719.924 1354104.420 1331191.868 894347.244 0.000 1157606.785 1158694.864 211547.046 1181530.607 1341934.066 1166746.803 1173593.087 1151993.491 818781.934 1127034.949
93515.215 382201.208 397894.684 544770.495 108293.420 22622.054 403402.225 367976.188 503923.209 1157606.785 0.000 132234.997 966430.228 91766.849 399610.388 99117.060 108643.034 5924.533 556297.041 77898.510
81784.394 260643.927 279948.071 481047.962 60893.579 110595.513 287079.979 251849.079 411671.267 1158694.864 132234.997 0.000 957697.415 50465.682 281143.179 34990.742 29674.251 133970.000 475412.589 66819.594
902104.707 865520.086 1133423.900 543948.861 909038.706 957756.674 1144335.515 1122082.886 682879.686 211547.046 966430.228 957697.415 0.000 983443.793 1132076.618 967957.092 974216.635 961000.608 607675.671 930175.378
83453.545 311100.714 306884.478 521565.006 74585.766 73355.749 312736.609 277238.017 458704.132 1181530.607 91766.849 50465.682 983443.793 0.000 308508.320 18294.044 20941.581 94999.983 520198.092 56532.830
361387.867 272337.923 3281.070 596825.752 338322.588 381848.081 12871.740 32965.327 473116.280 1341934.066 399610.388 281143.179 1132076.618 308508.320 0.000 305642.283 294870.869 403252.247 553179.089 347682.175
71497.560 294941.900 304189.500 503490.833 59068.984 78437.578 310575.135 275081.522 440517.705 1166746.803 99117.060 34990.742 967957.092 18294.044 305642.283 0.000 10928.545 101434.523 501904.053 47177.184
80860.302 290221.503 293400.492 505742.263 66444.234 88470.112 299739.446 264240.493 439868.415 1173593.087 108643.034 29674.251 974216.635 20941.581 294870.869 10928.545 0.000 111223.047 502440.412 57600.944
91461.631 381926.753 401569.195 541054.384 107294.770 23419.893 407184.633 371731.704 501515.287 1151993.491 5924.533 133970.000 961000.608 94999.983 403252.247 101434.523 111223.047 0.000 553280.059 77474.015
464128.100 281620.124 555186.113 79692.068 455746.421 537080.135 566013.066 551265.202 80273.665 818781.934 556297.041 475412.589 607675.671 520198.092 553179.089 501904.053 502440.412 553280.059 0.000 486544.497
28070.680 304453.942 346424.244 481149.362 31420.017 55489.551 353352.191 318003.506 430512.582 1127034.949 77898.510 66819.594 930175.378 56532.830 347682.175 47177.184 57600.944 77474.015 486544.497 0.000
