0.000 610775.844 593805.741 602647.941 825908.412 25587.114 488527.140 70935.284 37765.748 139681.792 203354.226 1898098.506 780430.376 100131.350 384133.736 25254.922 2739256.663 613646.240 766449.828 633665.593 201456.459 27349.740 118539.650 975607.518
610775.844 0.000 315862.085 341168.891 912926.292 587704.453 571138.423 561183.466 581521.248 615751.294 537291.680 2016842.528 493596.165 631870.269 569090.469 636002.526 2902482.299 209240.779 585097.177 26531.898 644586.868 621578.631 639588.390 1104204.091
593805.741 315862.085 0.000 25480.011 1154285.300 568331.439 306991.289 524884.730 556406.620 526572.843 428034.438 2273965.096 799032.439 562700.405 354654.027 616298.564 3152433.236 114138.852 875810.608 336380.106 718107.150 590492.540 561032.793 1341332.982
602647.941 341168.891 25480.011 0.000 1176872.076 577292.694 292733.235 533073.363 565063.885 530100.008 431328.674 2296858.975 824433.587 567554.757 347160.798 624671.368 3174753.206 137838.887 900783.143 361506.867 732333.487 598240.808 565068.079 1363520.054
825908.412 912926.292 1154285.300 1176872.076 0.000 831778.335 1235805.902 864092.561 842796.959 960230.068 984246.232 1120689.607 525728.275 925687.282 1154633.928 830636.563 1998477.254 1087144.048 397798.046 911944.722 631378.712 852902.948 944199.581 191351.392
25587.114 587704.453 568331.439 577292.694 831778.335 0.000 468156.692 47290.855 14065.437 128975.143 182842.411 1909995.403 769689.842 95607.706 364938.412 49879.733 2753837.100 588178.446 759699.267 610838.861 213734.608 36460.235 114003.982 984657.897
488527.140 571138.423 306991.289 292733.235 1235805.902 468156.692 0.000 421724.714 454093.582 365466.113 285348.846 2346023.355 994282.430 411976.033 108260.788 502129.046 3204736.009 409683.377 1040888.193 596470.600 672900.915 471669.634 400740.445 1408481.600
70935.284 561183.466 524884.730 533073.363 864092.561 47290.855 421724.714 0.000 33490.144 99403.060 136770.211 1949313.090 774299.964 82382.364 319469.371 91630.838 2795967.375 549342.982 772057.952 585139.095 255623.100 66193.818 97784.141 1020932.583
37765.748 581521.248 556406.620 565063.885 842796.959 14065.437 454093.582 33490.144 0.000 117455.462 168785.318 1922772.472 773020.957 87264.937 350941.654 60169.116 2767225.624 577937.920 765255.452 604927.107 226911.894 40059.618 105296.258 996685.586
139681.792 615751.294 526572.843 530100.008 960230.068 128975.143 365466.113 99403.060 117455.462 0.000 98787.344 2037681.113 867621.071 46764.311 257702.035 145058.316 2878449.561 570825.801 869577.230 641046.773 340929.753 115875.527 36423.493 1113580.360
203354.226 537291.680 428034.438 431328.674 984246.232 182842.411 285348.846 136770.211 168785.318 98787.344 0.000 2079637.306 836132.764 138894.973 182841.045 218198.016 2930033.008 475921.884 852386.277 563275.641 391044.023 187959.616 134193.554 1147277.559
1898098.506 2016842.528 2273965.096 2296858.975 1120689.607 1909995.403 2346023.355 1949313.090 1922772.472 2037681.113 2079637.306 0.000 1559029.295 1996820.371 2257740.877 1896048.929 887964.254 2202270.887 1443174.137 2011895.786 1696757.825 1923046.142 2014587.801 938853.246
780430.376 493596.165 799032.439 824433.587 525728.275 769689.842 994282.430 774299.964 773020.957 867621.071 836132.764 1559029.295 0.000 856207.357 951914.196 799378.856 2446909.336 700694.813 128225.521 480765.978 672787.449 804531.831 872083.949 705067.674
100131.350 631870.269 562700.405 567554.757 925687.282 95607.706 411976.033 82382.364 87264.937 46764.311 138894.973 1996820.371 856207.357 0.000 304348.851 101180.186 2835150.366 600737.118 851556.941 656551.727 300930.021 73968.345 18531.983 1075650.945
384133.736 569090.469 354654.027 347160.798 1154633.928 364938.412 108260.788 319469.371 350941.654 257702.035 182841.045 2257740.877 951914.196 304348.851 0.000 396449.151 3111323.920 440316.364 986661.106 595444.395 573708.416 365984.559 292717.957 1322616.040
25254.922 636002.526 616298.564 624671.368 830636.563 49879.733 502129.046 91630.838 60169.116 145058.316 218198.016 1896048.929 799378.856 101180.186 396449.151 0.000 2734036.250 637851.261 782438.916 658861.324 201630.330 30473.486 118606.086 976954.872
2739256.663 2902482.299 3152433.236 3174753.206 1998477.254 2753837.100 3204736.009 2795967.375 2767225.624 2878449.561 2930033.008 887964.254 2446909.336 2835150.366 3111323.920 2734036.250 0.000 3084654.064 2331035.152 2898177.820 2540469.848 2762609.500 2852136.382 1811310.307
613646.240 209240.779 114138.852 137838.887 1087144.048 588178.446 409683.377 549342.982 577937.920 570825.801 475921.884 2202270.887 700694.813 600737.118 440316.364 637851.261 3084654.064 0.000 785560.114 227226.836 708630.415 615405.389 602479.939 1276741.895
766449.828 585097.177 875810.608 900783.143 397798.046 759699.267 1040888.193 772057.952 765255.452 869577.230 852386.277 1443174.137 128225.521 851556.941 986661.106 782438.916 2331035.152 785560.114 0.000 576258.988 630589.068 792325.326 868675.193 577042.912
633665.593 26531.898 336380.106 361506.867 911944.722 610838.861 596470.600 585139.095 604927.107 641046.773 563275.641 2011895.786 480765.978 656551.727 595444.395 658861.324 2898177.820 227226.836 576258.988 0.000 662224.215 644984.791 664513.802 1103295.949
201456.459 644586.868 718107.150 732333.487 631378.712 213734.608 672900.915 255623.100 226911.894 340929.753 391044.023 1696757.825 672787.449 300930.021 573708.416 201630.330 2540469.848 708630.415 630589.068 662224.215 0.000 226961.736 319042.632 775325.906
27349.740 621578.631 590492.540 598240.808 852902.948 36460.235 471669.634 66193.818 40059.618 115875.527 187959.616 1923046.142 804531.831 73968.345 365984.559 30473.486 2762609.500 615405.389 792325.326 644984.791 226961.736 0.000 92147.464 1001792.946
118539.650 639588.390 561032.793 565068.079 944199.581 114003.982 400740.445 97784.141 105296.258 36423.493 134193.554 2014587.801 872083.949 18531.983 292717.957 118606.086 2852136.382 602479.939 868675.193 664513.802 319042.632 92147.464 0.000 1093933.268
975607.518 1104204.091 1341332.982 1363520.054 191351.392 984657.897 1408481.600 1020932.583 996685.586 1113580.360 1147277.559 938853.246 705067.674 1075650.945 1322616.040 976954.872 1811310.307 1276741.895 577042.912 1103295.949 775325.906 1001792.946 1093933.268 0.000
