0.000 617653.538 557204.224 557332.354 393838.410 24752.106 336559.109 59893.318 33409.041 69964.379 142151.648 810008.632 624495.475 48975.100 250385.787 25882.703 1202427.173 606068.215 547786.233 639555.280 96157.441 15410.189 58383.734 438108.776
617653.538 0.000 167626.588 180458.392 616583.069 593271.199 410051.726 562049.035 585825.201 601033.584 507905.185 1151792.683 239184.251 626511.580 462941.924 643528.853 1644500.884 104124.400 311354.778 22596.176 640112.956 626603.629 630924.384 744132.107
557204.224 167626.588 0.000 13152.618 662757.444 532575.684 279751.640 497613.319 523814.778 523245.866 426126.521 1202632.982 385254.084 553270.828 351918.594 582041.201 1674836.262 75011.242 427861.795 183806.761 603486.702 562563.706 555373.549 783674.017
557332.354 180458.392 13152.618 0.000 670621.231 532770.613 273815.022 497609.911 523924.953 521894.881 424818.209 1210163.122 398237.576 552243.953 347914.153 581994.525 1680730.852 85800.023 439904.668 196336.592 605506.526 562350.954 554123.130 790886.239
393838.410 616583.069 662757.444 670621.231 0.000 390714.957 597264.270 400429.745 394358.614 452517.684 454701.167 540447.039 471916.902 442074.879 543711.118 403488.035 1028083.906 668808.473 359966.244 630832.974 312178.683 408661.451 451696.762 128303.790
24752.106 593271.199 532575.684 532770.613 390714.957 0.000 315029.196 35913.630 9439.190 62889.099 120249.810 821353.596 603626.097 54284.453 229839.386 50396.976 1220325.757 581316.109 529050.769 615211.819 106782.692 34279.378 63730.566 442076.497
336559.109 410051.726 279751.640 273815.022 597264.270 315029.196 0.000 280004.052 305604.542 282000.455 194781.294 1102755.485 543821.317 314918.382 88268.170 356878.445 1529283.448 349485.108 527213.314 431815.263 412532.638 336025.665 313701.077 692179.078
59893.318 562049.035 497613.319 497609.911 400429.745 35913.630 280004.052 0.000 26628.018 57965.851 85406.806 847838.637 582091.145 68626.601 195766.007 84431.113 1253053.986 547406.974 512208.399 584143.723 136331.338 65395.159 75843.349 460789.864
33409.041 585825.201 523814.778 523924.953 394358.614 9439.190 305604.542 26628.018 0.000 58205.410 110823.543 829156.596 599059.759 54785.277 220497.267 58523.767 1229412.650 572962.893 525772.374 607817.288 114985.151 40826.914 63792.124 447992.209
69964.379 601033.584 523245.866 521894.881 452517.684 62889.099 282000.455 57965.851 58205.410 0.000 97119.531 879972.849 634766.060 32988.504 193865.258 80833.204 1268680.806 578113.806 567999.533 623412.314 165755.136 61646.472 32445.183 504774.360
142151.648 507905.185 426126.521 424818.209 454701.167 120249.810 194781.294 85406.806 110823.543 97119.531 0.000 925969.456 560510.297 127722.243 110613.045 163692.831 1337816.605 481479.826 505168.289 530410.772 220307.316 142948.306 129305.560 529093.003
810008.632 1151792.683 1202632.982 1210163.122 540447.039 821353.596 1102755.485 847838.637 829156.596 879972.849 925969.456 0.000 975080.911 854651.906 1032331.844 803526.739 514400.521 1208876.005 865911.171 1164313.147 714804.778 819645.648 862303.986 420088.564
624495.475 239184.251 385254.084 398237.576 471916.902 603626.097 543821.317 582091.145 599059.759 634766.060 560510.297 975080.911 0.000 650643.300 562611.728 648756.729 1482907.859 338590.752 112301.307 238277.370 610118.983 637492.222 657881.689 597424.777
48975.100 626511.580 553270.828 552243.953 442074.879 54284.453 314918.382 68626.601 54785.277 32988.504 127722.243 854651.906 650643.300 0.000 226820.706 51439.996 1237902.413 606757.554 579498.608 648772.392 143640.196 35887.877 9654.691 486833.797
250385.787 462941.924 351918.594 347914.153 543711.118 229839.386 88268.170 195766.007 220497.267 193865.258 110613.045 1032331.844 562611.728 226820.706 0.000 269780.372 1448416.120 416479.306 528253.266 485390.143 330858.190 248959.486 225463.366 628799.016
25882.703 643528.853 582041.201 581994.525 403488.035 50396.976 356878.445 84431.113 58523.767 80833.204 163692.831 803526.739 648756.729 51439.996 269780.372 0.000 1187848.488 631486.446 570595.478 665434.977 96124.551 20853.400 58777.247 440439.871
1202427.173 1644500.884 1674836.262 1680730.852 1028083.906 1220325.757 1529283.448 1253053.986 1229412.650 1268680.806 1337816.605 514400.521 1482907.859 1237902.413 1448416.120 1187848.488 0.000 1691058.451 1372055.327 1658916.580 1117590.505 1207502.673 1243190.981 900371.959
606068.215 104124.400 75011.242 85800.023 668808.473 581316.109 349485.108 547406.974 572962.893 578113.806 481479.826 1208876.005 338590.752 606757.554 416479.306 631486.446 1691058.451 0.000 397847.930 115732.848 643687.436 612794.112 609697.413 793495.542
547786.233 311354.778 427861.795 439904.668 359966.244 529050.769 527213.314 512208.399 525772.374 567999.533 505168.289 865911.171 112301.307 579498.608 528253.266 570595.478 1372055.327 397847.930 0.000 317252.789 521065.699 561808.362 587564.568 485148.010
639555.280 22596.176 183806.761 196336.592 630832.974 615211.819 431815.263 584143.723 607817.288 623412.314 530410.772 1164313.147 238277.370 648772.392 485390.143 665434.977 1658916.580 115732.848 317252.789 0.000 660968.146 648610.923 653235.178 758694.121
96157.441 640112.956 603486.702 605506.526 312178.683 106782.692 412532.638 136331.338 114985.151 165755.136 220307.316 714804.778 610118.983 143640.196 330858.190 96124.551 1117590.505 643687.436 521065.699 660968.146 0.000 107753.545 152395.831 344327.832
15410.189 626603.629 562563.706 562350.954 408661.451 34279.378 336025.665 65395.159 40826.914 61646.472 142948.306 819645.648 637492.222 35887.877 248959.486 20853.400 1207502.673 612794.112 561808.362 648610.923 107753.545 0.000 44806.221 451133.636
58383.734 630924.384 555373.549 554123.130 451696.762 63730.566 313701.077 75843.349 63792.124 32445.183 129305.560 862303.986 657881.689 9654.691 225463.366 58777.247 1243190.981 609697.413 587564.568 653235.178 152395.831 44806.221 0.000 495935.832
438108.776 744132.107 783674.017 790886.239 128303.790 442076.497 692179.078 460789.864 447992.209 504774.360 529093.003 420088.564 597424.777 486833.797 628799.016 440439.871 900371.959 793495.542 485148.010 758694.121 344327.832 451133.636 495935.832 0.000
