0.000 267.442 1115.624 441.249 264.705 539.912 725.281 827.798 273.309 411.096 352.013 494.605 867.737 1063.295 750.576 337.120 446.033 425.699 817.898 1096.849 336.006 420.024 712.579 556.343 442.800 421.369 241.754 285.701 271.190 364.232 1011.704 404.606 948.031 482.170 159.226 543.548 673.712 804.941 442.741 549.343 371.131 106.099 1013.860 367.010 182.321 349.757 474.384 472.157 1128.706 971.410 551.415 696.375 1030.816 350.721 356.535 514.140 1156.770 847.531 923.167 866.100
267.442 0.000 1172.244 623.205 161.152 482.701 897.453 896.027 526.924 384.220 429.460 756.342 1043.571 1213.284 720.012 374.066 224.290 691.333 964.995 1181.486 484.955 206.652 926.002 820.577 675.805 155.631 384.232 493.660 265.166 277.622 1225.124 661.777 1005.302 721.843 242.244 588.062 774.724 1000.430 305.459 721.491 203.246 237.899 1145.901 507.355 341.321 589.292 490.857 569.527 1311.686 990.620 758.620 702.508 1024.407 618.095 549.796 704.597 1175.444 825.655 1124.250 874.851
1115.624 1172.244 0.000 742.540 1011.093 719.928 571.358 287.903 1000.116 789.847 769.819 1052.008 554.063 432.903 510.014 1449.586 1383.619 1214.210 449.049 124.036 788.128 1060.608 746.893 1291.187 878.641 1255.918 1351.934 882.295 1365.493 1428.910 785.840 1005.744 168.582 1402.658 984.594 587.192 452.383 652.347 919.484 656.500 1374.704 1214.712 341.353 1464.708 933.362 1322.594 681.459 643.654 634.218 222.182 753.204 480.521 282.144 1126.263 1412.213 1539.699 167.003 423.090 687.695 329.387
441.249 623.205 742.540 0.000 498.143 482.933 284.290 467.890 258.443 402.096 250.320 355.006 428.235 622.969 561.378 770.328 843.442 480.780 380.757 695.600 144.461 646.053 311.602 577.361 167.287 765.520 647.223 158.808 712.439 802.707 605.285 279.866 587.729 662.197 381.064 314.428 295.102 377.239 559.558 108.503 790.729 547.171 580.104 743.791 285.047 580.669 343.146 195.144 693.195 659.758 148.030 463.816 748.653 386.939 677.729 798.159 827.118 619.556 501.169 586.308
264.705 161.152 1011.093 498.143 0.000 330.409 759.603 735.533 463.060 223.895 278.772 695.112 904.991 1064.368 565.520 496.847 378.893 672.715 817.485 1021.416 354.267 168.514 808.610 804.806 580.986 273.271 464.724 393.144 392.684 429.334 1103.264 595.265 844.207 746.705 145.134 427.520 618.893 871.381 183.404 587.882 364.012 298.198 992.944 595.316 239.771 614.460 329.735 417.034 1173.410 830.765 641.752 542.595 867.733 584.342 610.247 769.247 1016.111 670.439 996.393 715.556
539.912 482.701 719.928 482.933 330.409 0.000 645.012 474.178 608.497 129.634 258.062 804.806 772.982 874.699 237.565 823.811 675.267 859.140 651.257 755.081 373.846 341.533 763.204 983.497 634.392 540.778 772.602 483.260 721.923 758.125 1019.201 709.147 561.937 986.102 380.686 212.219 421.826 779.642 200.112 518.429 683.615 608.043 784.314 902.413 401.123 863.878 140.431 299.301 1026.411 519.392 621.615 239.702 543.148 758.236 895.207 1050.827 700.006 343.433 898.765 401.976
725.281 897.453 571.358 284.290 759.603 645.012 0.000 368.730 513.001 611.287 485.322 495.066 146.123 343.705 615.549 1051.244 1120.415 676.109 127.769 488.357 412.800 889.631 181.596 733.843 347.574 1032.279 923.106 440.692 996.414 1086.952 374.498 470.814 456.879 872.995 657.712 433.889 253.140 137.528 779.746 177.792 1072.441 831.039 319.662 1010.097 566.167 818.908 514.805 362.353 414.402 575.858 207.504 511.674 681.297 603.176 932.269 1033.536 699.626 627.214 253.797 552.313
827.798 896.027 287.903 467.890 735.533 474.178 368.730 0.000 721.476 520.240 483.811 800.465 423.058 433.379 321.549 1162.248 1112.675 947.402 284.143 286.700 501.049 804.046 548.916 1035.518 617.610 991.303 1064.117 598.953 1079.608 1146.021 690.047 741.873 122.197 1129.893 698.980 308.016 172.795 489.265 666.101 395.990 1096.753 927.328 331.545 1177.653 645.508 1042.957 407.541 355.756 617.994 208.943 507.295 245.577 312.923 854.813 1127.740 1259.004 359.981 288.321 571.014 194.833
273.309 526.924 1000.116 258.443 463.060 608.497 513.001 721.476 0.000 489.753 352.989 232.775 643.386 856.309 757.053 555.010 719.058 253.160 626.279 953.648 252.606 631.495 458.568 375.000 182.236 682.444 417.422 134.317 522.067 624.677 751.785 135.085 842.722 412.458 317.926 509.716 549.656 564.145 599.188 356.931 643.506 364.067 826.594 497.170 232.019 322.490 489.949 397.404 890.167 904.093 313.107 673.181 985.532 151.450 422.191 539.817 1077.914 833.864 673.962 818.999
411.096 384.220 789.847 402.096 223.895 129.634 611.287 520.240 489.753 0.000 154.574 697.333 749.965 881.735 348.488 704.592 594.142 737.143 642.882 806.931 273.240 291.239 703.156 863.746 537.803 471.160 646.053 371.383 605.957 651.771 978.491 598.987 624.277 858.212 251.978 216.157 424.650 738.708 168.582 460.584 587.450 483.112 800.770 775.226 273.827 734.935 114.018 248.942 1013.586 606.875 548.432 318.713 646.159 637.201 765.805 921.227 792.336 451.363 862.263 491.864
352.013 429.460 769.819 250.320 278.772 258.062 485.322 483.811 352.989 154.574 0.000 547.727 629.385 785.810 416.515 680.762 653.209 605.555 538.713 762.947 119.067 405.558 557.426 727.463 383.631 551.740 593.325 225.282 595.857 663.923 841.642 451.270 601.326 745.749 215.188 191.638 346.931 604.415 309.511 320.782 622.721 446.444 716.467 715.238 175.636 631.450 139.201 140.132 897.251 619.409 398.016 348.742 681.247 504.010 685.093 833.031 804.801 505.405 729.396 515.276
494.605 756.342 1052.008 355.006 695.112 804.806 495.066 800.465 232.775 697.333 547.727 0.000 587.682 810.800 914.340 721.911 938.378 197.023 622.579 980.458 431.066 863.311 363.979 239.677 188.367 911.948 575.852 326.345 714.318 820.966 611.687 100.717 913.221 392.747 550.077 664.694 631.894 486.033 822.840 404.554 855.853 571.284 810.191 613.770 459.831 377.878 673.036 544.399 791.010 1002.715 298.804 818.450 1096.816 172.038 511.376 571.386 1158.738 974.542 566.001 937.887
867.737 1043.571 554.063 428.235 904.991 772.982 146.123 423.058 643.386 749.965 629.385 587.682 0.000 223.143 712.362 1189.808 1266.522 779.418 139.918 448.813 558.902 1032.149 227.308 818.912 468.154 1177.893 1058.418 582.200 1138.490 1230.573 267.800 582.898 479.101 977.474 803.754 560.803 358.854 108.453 918.505 323.336 1217.960 973.076 238.663 1139.403 711.627 936.501 648.746 502.048 268.486 613.932 330.457 612.851 720.911 717.190 1056.038 1146.942 703.548 705.386 148.030 617.506
1063.295 1213.284 432.903 622.969 1064.368 874.699 343.705 433.379 856.309 881.735 785.810 810.800 223.143 0.000 754.478 1393.006 1437.567 1002.350 248.713 309.919 737.825 1172.401 449.055 1041.023 686.167 1336.553 1266.485 781.390 1334.248 1421.191 368.402 804.118 429.331 1200.427 980.632 671.742 458.001 327.391 1046.023 514.475 1398.422 1169.384 105.304 1353.479 896.050 1156.775 770.873 647.714 203.062 568.902 546.404 670.511 668.144 938.237 1273.726 1368.624 598.719 715.765 297.321 614.645
750.576 720.012 510.014 561.378 565.520 237.565 615.549 321.549 757.053 348.488 416.515 914.340 712.362 754.478 0.000 1053.080 910.978 1009.146 574.617 568.803 504.516 572.056 773.210 1122.802 728.321 774.093 990.069 622.971 953.891 994.513 977.769 829.825 370.624 1160.484 594.280 250.599 362.442 751.815 432.167 549.627 921.179 829.774 653.094 1117.470 588.337 1047.936 279.635 370.297 933.791 294.783 669.174 105.043 306.106 907.796 1097.645 1248.218 467.547 105.929 855.147 180.693
337.120 374.066 1449.586 770.328 496.847 823.811 1051.244 1162.248 555.010 704.592 680.762 721.911 1189.808 1393.006 1053.080 0.000 361.681 570.103 1150.369 1433.703 673.036 580.215 1013.576 669.006 737.245 448.636 146.209 611.658 108.931 161.112 1304.732 658.741 1281.390 494.783 468.834 869.608 1010.609 1117.232 671.007 878.792 262.937 234.923 1348.087 182.455 518.395 392.250 789.416 807.486 1443.455 1295.857 863.449 1013.232 1346.935 550.237 279.659 395.457 1482.272 1155.398 1228.912 1186.196
446.033 224.290 1383.619 843.442 378.893 675.267 1120.415 1112.675 719.058 594.142 653.209 938.378 1266.522 1437.567 910.978 361.681 0.000 839.717 1189.283 1399.103 707.619 343.792 1141.162 960.471 881.865 143.279 449.755 706.412 278.519 202.781 1441.211 850.488 1218.419 822.181 463.051 805.060 997.197 1220.379 479.409 943.772 101.020 370.883 1369.635 539.137 558.965 698.997 705.284 793.101 1534.294 1193.151 974.684 907.117 1217.042 783.658 618.639 753.011 1375.176 1016.697 1343.384 1076.038
425.699 691.333 1214.210 480.780 672.715 859.140 676.109 947.402 253.160 737.143 605.555 197.023 779.418 1002.350 1009.146 570.103 839.717 0.000 801.616 1152.582 504.777 838.002 558.914 132.095 336.363 842.095 426.269 386.359 585.822 692.275 806.283 208.888 1065.575 198.081 533.499 760.405 774.826 680.331 830.234 557.719 747.295 471.008 995.046 436.720 467.736 191.943 743.034 645.061 988.025 1140.248 470.738 922.858 1226.938 101.710 327.886 374.433 1307.235 1083.225 763.010 1062.169
817.898 964.995 449.049 380.757 817.485 651.257 127.769 284.143 626.279 642.882 538.713 622.579 139.918 248.713 574.617 1150.369 1189.283 801.616 0.000 361.204 489.560 931.412 297.846 861.539 469.503 1090.287 1027.818 539.485 1088.258 1173.648 407.718 594.829 350.304 997.730 731.936 441.073 230.054 211.729 809.870 273.066 1149.733 923.959 200.422 1121.161 648.151 938.842 535.527 402.275 375.159 480.300 331.109 476.870 587.341 725.690 1048.094 1154.816 585.817 565.475 287.294 478.085
1096.849 1181.486 124.036 695.600 1021.416 755.081 488.357 286.700 953.648 806.931 762.947 980.458 448.813 309.919 568.803 1433.703 1399.103 1152.582 361.204 0.000 762.316 1089.433 655.332 1220.057 816.471 1277.941 1326.859 844.962 1356.030 1426.869 667.990 943.835 198.305 1345.550 977.430 594.085 423.137 552.110 950.424 599.721 1381.255 1199.403 223.090 1433.466 915.367 1274.735 694.179 628.007 510.455 308.058 683.723 517.943 388.981 1069.924 1372.839 1492.325 291.007 496.518 575.022 394.726
336.006 484.955 788.128 144.461 354.267 373.846 412.800 501.049 252.606 273.240 119.067 431.066 558.902 737.825 504.516 673.036 707.619 504.777 489.560 762.316 0.000 502.004 456.010 621.232 264.613 623.541 565.212 118.461 602.319 684.547 749.035 336.681 623.001 660.512 245.073 257.635 339.700 517.929 421.246 236.580 661.642 440.601 681.378 676.642 159.050 556.635 243.516 151.605 826.797 666.067 290.988 421.552 740.876 403.317 629.435 767.672 846.158 582.217 642.701 573.413
420.024 206.652 1060.608 646.053 168.514 341.533 889.631 804.046 631.495 291.239 405.558 863.311 1032.149 1172.401 572.056 580.215 343.792 838.002 931.412 1089.433 502.004 0.000 957.537 970.025 743.465 202.988 584.839 556.170 471.292 470.124 1246.445 763.263 900.094 899.611 313.600 506.249 715.835 1009.920 141.421 725.966 375.215 426.930 1092.002 711.070 405.775 766.322 404.361 531.097 1298.546 860.410 792.965 580.112 877.185 751.599 744.640 902.095 1039.019 677.027 1134.938 743.001
712.579 926.002 746.893 311.602 808.610 763.204 181.596 548.916 458.568 703.156 557.426 363.979 227.308 449.055 773.210 1013.576 1141.162 558.914 297.846 655.332 456.010 957.537 0.000 591.981 276.342 1072.687 874.745 434.847 976.269 1075.425 300.203 373.150 638.283 756.247 684.656 562.328 417.336 122.250 866.324 245.082 1079.289 813.420 460.822 942.391 584.688 725.797 624.552 464.540 436.715 756.862 167.586 668.168 861.818 505.951 851.429 930.817 880.046 796.554 215.801 727.902
556.343 820.577 1291.187 577.361 804.806 983.497 733.843 1035.518 375.000 863.746 727.463 239.677 818.912 1041.023 1122.802 669.006 960.471 132.095 861.539 1220.057 621.232 970.025 591.981 0.000 418.035 969.807 530.961 504.097 698.101 802.720 802.062 297.558 1150.188 210.202 665.282 872.494 864.896 713.785 961.306 639.973 865.555 595.525 1046.522 515.481 597.101 276.812 862.988 754.404 1000.837 1234.689 538.157 1032.582 1325.745 227.015 403.051 398.323 1394.920 1191.819 778.594 1163.600
442.800 675.805 878.641 167.287 580.986 634.392 347.574 617.610 182.236 537.803 383.631 188.367 468.154 686.167 728.321 737.245 881.865 336.363 469.503 816.471 264.613 743.465 276.342 418.035 0.000 828.401 599.040 187.843 701.678 802.464 571.214 127.475 733.246 529.604 442.770 480.054 446.900 383.627 680.132 223.002 813.222 540.493 666.861 672.309 342.492 471.502 497.875 359.872 708.992 817.083 140.293 631.102 909.704 256.189 588.008 686.023 977.272 786.451 491.757 749.849
421.369 155.631 1255.918 765.520 273.271 540.778 1032.279 991.303 682.444 471.160 551.740 911.948 1177.893 1336.553 774.093 448.636 143.279 842.095 1090.287 1277.941 623.541 202.988 1072.687 969.807 828.401 0.000 499.965 644.026 346.699 307.417 1370.259 817.353 1092.785 858.021 388.671 686.280 887.108 1141.453 342.000 859.168 199.725 377.127 1262.927 610.161 489.556 727.661 584.657 688.840 1446.364 1060.119 905.107 776.589 1079.669 771.946 671.063 818.704 1240.273 879.384 1266.117 942.725
241.754 384.232 1351.934 647.223 464.724 772.602 923.106 1064.117 417.422 646.053 593.325 575.852 1058.418 1266.485 990.069 146.209 449.755 426.269 1027.818 1326.859 565.212 584.839 874.745 530.961 599.040 499.965 0.000 489.001 172.931 273.130 1162.924 514.755 1185.272 373.343 395.828 784.957 904.856 981.542 647.763 754.812 349.515 166.883 1227.319 130.817 420.630 256.813 715.573 708.692 1307.588 1212.664 729.381 938.033 1272.541 404.079 171.493 321.006 1397.681 1088.272 1090.497 1107.833
285.701 493.660 882.295 158.808 393.144 483.260 440.692 598.953 134.317 371.383 225.282 326.345 582.200 781.390 622.971 611.658 706.412 386.359 539.485 844.962 118.461 556.170 434.847 504.097 187.843 644.026 489.001 0.000 556.292 649.463 735.017 227.607 721.017 544.615 256.223 375.410 429.913 520.589 499.925 267.172 645.555 390.876 738.494 589.071 155.332 446.077 358.933 264.252 843.253 774.919 269.312 538.967 853.802 284.861 530.004 660.622 951.601 699.664 640.726 686.793
271.190 265.166 1365.493 712.439 392.684 721.923 996.414 1079.608 522.067 605.957 595.857 714.318 1138.490 1334.248 953.891 108.931 278.519 585.822 1088.258 1356.030 602.319 471.292 976.269 698.101 701.678 346.699 172.931 556.292 0.000 107.168 1272.879 639.558 1196.930 546.260 380.900 780.966 934.259 1073.172 563.805 820.508 177.634 165.424 1283.059 265.149 443.898 427.787 696.167 728.025 1398.083 1204.183 818.849 919.027 1251.121 547.154 340.154 477.297 1390.742 1057.314 1189.360 1092.631
364.232 277.622 1428.910 802.707 429.334 758.125 1086.952 1146.021 624.677 651.771 663.923 820.966 1230.573 1421.191 994.513 161.112 202.781 692.275 1173.648 1426.869 684.547 470.124 1075.425 802.720 802.464 307.417 273.130 649.463 107.168 0.000 1373.416 744.791 1260.543 643.619 450.156 841.770 1008.377 1169.173 582.561 909.792 109.275 262.088 1365.596 342.422 525.595 529.918 750.856 800.615 1492.711 1257.519 915.520 969.827 1297.027 654.248 432.030 556.152 1443.556 1099.662 1287.084 1143.395
1011.704 1225.124 785.840 605.285 1103.264 1019.201 374.498 690.047 751.785 978.491 841.642 611.687 267.800 368.402 977.769 1304.732 1441.211 806.283 407.718 667.990 749.035 1246.445 300.203 802.062 571.214 1370.259 1162.924 735.017 1272.879 1373.416 0.000 650.004 736.929 994.387 983.260 808.377 619.052 240.277 1145.698 520.885 1379.341 1111.339 445.121 1219.510 883.888 989.204 887.104 730.869 222.948 875.129 466.700 876.633 981.432 774.994 1121.247 1179.339 945.751 973.180 122.801 884.774
404.606 661.777 1005.744 279.866 595.265 709.147 470.814 741.873 135.085 598.987 451.270 100.717 582.898 804.118 829.825 658.741 850.488 208.888 594.829 943.835 336.681 763.263 373.150 297.558 127.475 817.353 514.755 227.607 639.558 744.791 650.004 0.000 858.801 403.001 450.405 579.250 569.991 490.147 722.281 349.468 771.692 488.611 790.459 571.183 359.217 354.051 580.029 459.811 809.707 938.427 263.795 737.143 1028.454 134.302 478.290 564.555 1101.839 895.570 586.758 866.044
948.031 1005.302 168.582 587.729 844.207 561.937 456.879 122.197 842.722 624.277 601.326 913.221 479.101 429.331 370.624 1281.390 1218.419 1065.575 350.304 198.305 623.001 900.094 638.283 1150.188 733.246 1092.785 1185.272 721.017 1196.930 1260.543 736.929 858.801 0.000 1249.916 816.030 419.001 293.138 562.032 759.743 510.392 1207.394 1046.572 324.275 1299.496 765.899 1164.545 514.480 476.590 628.609 140.801 616.597 322.800 245.073 974.276 1249.933 1380.818 246.272 303.191 624.760 199.810
482.170 721.843 1402.658 662.197 746.705 986.102 872.995 1129.893 412.458 858.212 745.749 392.747 977.474 1200.427 1160.484 494.783 822.181 198.081 997.730 1345.550 660.512 899.611 756.247 210.202 529.604 858.021 373.343 544.615 546.260 643.619 994.387 403.001 1249.916 0.000 624.440 917.826 957.183 877.944 921.445 747.317 722.497 484.195 1192.322 323.975 584.983 133.364 884.882 808.863 1182.461 1316.201 666.623 1081.873 1397.907 276.422 215.557 189.114 1488.281 1242.411 957.677 1231.189
159.226 242.244 984.594 381.064 145.134 380.686 657.712 698.980 317.926 251.978 215.188 550.077 803.754 980.632 594.280 468.834 463.051 533.499 731.936 977.430 245.073 313.600 684.656 665.282 442.770 388.671 395.828 256.223 380.900 450.156 983.260 450.405 816.030 624.440 0.000 401.060 558.234 758.301 299.174 480.767 417.800 237.508 919.281 523.990 101.045 495.602 322.182 350.464 1071.307 827.073 517.108 546.008 880.568 442.113 515.102 671.840 1013.452 693.195 882.020 718.165
543.548 588.062 587.192 314.428 427.520 212.219 433.889 308.016 509.716 216.157 191.638 664.694 560.803 671.742 250.599 869.608 805.060 760.405 441.073 594.085 257.635 506.249 562.328 872.494 480.054 686.280 784.957 375.410 780.966 841.770 808.377 579.250 419.001 917.826 401.060 0.000 214.112 569.619 374.977 321.823 789.208 636.306 587.037 906.565 366.307 810.858 102.157 120.333 815.993 427.898 435.332 164.055 491.061 659.464 873.147 1017.864 613.612 324.624 687.370 324.299
673.712 774.724 452.383 295.102 618.893 421.826 253.140 172.795 549.656 424.650 346.931 631.894 358.854 458.001 362.442 1010.609 997.197 774.826 230.054 423.137 339.700 715.835 417.336 864.896 446.900 887.108 904.856 429.913 934.259 1008.377 619.052 569.991 293.138 957.183 558.234 214.112 0.000 389.495 588.031 228.215 969.640 776.470 376.606 1014.318 492.367 871.703 312.947 207.894 604.907 370.844 345.059 258.940 467.081 682.018 959.857 1088.303 532.410 379.269 496.271 316.711
804.941 1000.430 652.347 377.239 871.381 779.642 137.528 489.265 564.145 738.708 604.415 486.033 108.453 327.391 751.815 1117.232 1220.379 680.331 211.729 552.110 517.929 1009.920 122.250 713.785 383.627 1141.453 981.542 520.589 1073.172 1169.173 240.277 490.147 562.032 877.944 758.301 569.619 389.495 0.000 906.299 284.289 1164.955 908.509 346.621 1055.289 661.481 844.021 646.877 490.708 326.241 690.684 254.448 648.395 797.532 624.007 967.393 1051.137 795.659 759.011 125.160 679.214
442.741 305.459 919.484 559.558 183.404 200.112 779.746 666.101 599.188 168.582 309.511 822.840 918.505 1046.023 432.167 671.007 479.409 830.234 809.870 950.424 421.246 141.421 866.324 961.306 680.132 342.000 647.763 499.925 563.805 582.561 1145.698 722.281 759.743 921.445 299.174 374.977 588.031 906.299 0.000 626.152 497.821 481.486 961.950 778.165 367.441 790.728 275.224 417.401 1181.669 719.128 707.442 438.965 737.979 735.650 793.000 951.975 898.376 537.629 1030.206 601.706
549.343 721.491 656.500 108.503 587.882 518.429 177.792 395.990 356.931 460.584 320.782 404.554 323.336 514.475 549.627 878.792 943.772 557.719 273.066 599.721 236.580 725.966 245.082 639.973 223.002 859.168 754.812 267.172 820.508 909.792 520.885 349.468 510.392 747.317 480.767 321.823 228.215 284.289 626.152 0.000 894.707 655.351 473.052 848.916 388.398 675.663 379.486 219.477 590.540 598.836 120.814 446.018 695.049 471.038 778.964 893.108 754.969 590.617 409.445 540.814
371.131 203.246 1374.704 790.729 364.012 683.615 1072.441 1096.753 643.506 587.450 622.721 855.853 1217.960 1398.422 921.179 262.937 101.020 747.295 1149.733 1381.255 661.642 375.215 1079.289 865.555 813.222 199.725 349.515 645.555 177.634 109.275 1379.341 771.692 1207.394 722.497 417.800 789.208 969.640 1164.955 497.821 894.707 0.000 284.614 1336.121 438.564 506.333 600.816 693.260 762.424 1483.919 1193.820 914.842 905.733 1226.341 696.432 517.789 652.290 1378.498 1027.019 1286.136 1077.933
106.099 237.899 1214.712 547.171 298.198 608.043 831.039 927.328 364.067 483.112 446.444 571.284 973.076 1169.384 829.774 234.923 370.883 471.008 923.959 1199.403 440.601 426.930 813.420 595.525 540.493 377.127 166.883 390.876 165.424 262.088 1111.339 488.611 1046.572 484.195 237.508 636.306 776.470 908.509 481.486 655.351 284.614 0.000 1119.691 297.693 284.113 352.115 559.687 572.647 1233.047 1063.573 654.395 783.508 1118.074 412.972 317.805 475.837 1249.720 929.904 1025.543 955.471
1013.860 1145.901 341.353 580.104 992.944 784.314 319.662 331.545 826.594 800.770 716.467 810.191 238.663 105.304 653.094 1348.087 1369.635 995.046 200.422 223.090 681.378 1092.002 460.822 1046.522 666.861 1262.927 1227.319 738.494 1283.059 1365.596 445.121 790.459 324.275 1192.322 919.281 587.037 376.606 346.621 961.950 473.052 1336.121 1119.691 0.000 1321.551 840.417 1137.623 688.052 576.545 305.374 464.208 527.077 572.435 564.483 922.749 1248.218 1352.871 504.099 611.347 353.510 509.810
367.010 507.355 1464.708 743.791 595.316 902.413 1010.097 1177.653 497.170 775.226 715.238 613.770 1139.403 1353.479 1117.470 182.455 539.137 436.720 1121.161 1433.466 676.642 711.070 942.391 515.481 672.309 610.161 130.817 589.071 265.149 342.422 1219.510 571.183 1299.496 323.975 523.990 906.565 1014.318 1055.289 778.165 848.916 438.564 297.693 1321.551 0.000 540.367 245.524 841.204 824.109 1378.871 1333.171 809.011 1062.323 1396.201 444.946 112.432 214.037 1517.135 1214.473 1157.318 1230.513
182.321 341.321 933.362 285.047 239.771 401.123 566.167 645.508 232.019 273.827 175.636 459.831 711.627 896.050 588.337 518.395 558.965 467.736 648.151 915.367 159.050 405.775 584.688 597.101 342.492 489.556 420.630 155.332 443.898 525.595 883.888 359.217 765.899 584.983 101.045 366.307 492.367 661.481 367.441 388.398 506.333 284.113 840.417 540.367 0.000 464.165 308.702 289.836 977.885 792.941 417.307 524.295 856.767 370.267 510.098 659.919 977.413 680.054 784.440 690.499
349.757 589.292 1322.594 580.669 614.460 863.878 818.908 1042.957 322.490 734.935 631.450 377.878 936.501 1156.775 1047.936 392.250 698.997 191.943 938.842 1274.735 556.635 766.322 725.797 276.812 471.502 727.661 256.813 446.077 427.787 529.918 989.204 354.051 1164.545 133.364 495.602 810.858 871.703 844.021 790.728 675.663 600.816 352.115 1137.623 245.524 464.165 0.000 769.625 707.736 1161.143 1220.790 611.794 974.452 1297.509 220.020 135.960 217.610 1397.527 1134.069 936.829 1130.044
474.384 490.857 681.459 343.146 329.735 140.431 514.805 407.541 489.949 114.018 139.201 673.036 648.746 770.873 279.635 789.416 705.284 743.034 535.527 694.179 243.516 404.361 624.552 862.988 497.875 584.657 715.573 358.933 696.167 750.856 887.104 580.029 514.480 884.882 322.182 102.157 312.947 646.877 275.224 379.486 693.260 559.687 688.052 841.204 308.702 769.625 0.000 160.012 908.864 508.139 481.201 223.933 558.388 641.346 818.235 968.597 694.668 373.359 768.196 396.840
472.157 569.527 643.654 195.144 417.034 299.301 362.353 355.756 397.404 248.942 140.132 544.399 502.048 647.714 370.297 807.486 793.101 645.061 402.275 628.007 151.605 531.097 464.540 754.404 359.872 688.840 708.692 264.252 728.025 800.615 730.869 459.811 476.590 808.863 350.464 120.333 207.894 490.708 417.401 219.477 762.424 572.647 576.545 824.109 289.836 707.736 160.012 0.000 767.534 514.503 324.127 278.298 590.021 544.960 780.401 919.269 695.224 438.266 613.688 422.765
1128.706 1311.686 634.218 693.195 1173.410 1026.411 414.402 617.994 890.167 1013.586 897.251 791.010 268.486 203.062 933.791 1443.455 1534.294 988.025 375.159 510.455 826.797 1298.546 436.715 1000.837 708.992 1446.364 1307.588 843.253 1398.083 1492.711 222.948 809.707 628.609 1182.461 1071.307 815.993 604.907 326.241 1181.669 590.540 1483.919 1233.047 305.374 1378.871 977.885 1161.143 908.864 767.534 0.000 769.067 580.280 842.445 869.856 941.804 1287.977 1362.229 800.690 905.363 225.020 806.742
971.410 990.620 222.182 659.758 830.765 519.392 575.858 208.943 904.093 606.875 619.409 1002.715 613.932 568.902 294.783 1295.857 1193.151 1140.248 480.300 308.058 666.067 860.410 756.862 1234.689 817.083 1060.119 1212.664 774.919 1204.183 1257.519 875.129 938.427 140.801 1316.201 827.073 427.898 370.844 690.684 719.128 598.836 1193.820 1063.573 464.208 1333.171 792.941 1220.790 508.139 514.503 769.067 0.000 713.454 288.175 107.079 1044.422 1294.414 1433.567 186.561 201.718 760.953 117.427
551.415 758.620 753.204 148.030 641.752 621.615 207.504 507.295 313.107 548.432 398.016 298.804 330.457 546.404 669.174 863.449 974.684 470.738 331.109 683.723 290.988 792.965 167.586 538.157 140.293 905.107 729.381 269.312 818.849 915.520 466.700 263.795 616.597 666.623 517.108 435.332 345.059 254.448 707.442 120.814 914.842 654.395 527.077 809.011 417.307 611.794 481.201 324.127 580.280 713.454 0.000 566.088 811.865 395.683 727.333 826.057 862.727 711.425 371.910 660.161
696.375 702.508 480.521 463.816 542.595 239.702 511.674 245.577 673.181 318.713 348.742 818.450 612.851 670.511 105.043 1013.232 907.117 922.858 476.870 517.943 421.552 580.112 668.168 1032.582 631.102 776.589 938.033 538.967 919.027 969.827 876.633 737.143 322.800 1081.873 546.008 164.055 258.940 648.395 438.965 446.018 905.733 783.508 572.435 1062.323 524.295 974.452 223.933 278.298 842.445 288.175 566.088 0.000 334.701 822.295 1033.685 1180.201 473.762 160.702 753.860 173.770
1030.816 1024.407 282.144 748.653 867.733 543.148 681.297 312.923 985.532 646.159 681.247 1096.816 720.911 668.144 306.106 1346.935 1217.042 1226.938 587.341 388.981 740.876 877.185 861.818 1325.745 909.704 1079.669 1272.541 853.802 1251.121 1297.027 981.432 1028.454 245.073 1397.907 880.568 491.061 467.081 797.532 737.979 695.049 1226.341 1118.074 564.483 1396.201 856.767 1297.509 558.388 590.021 869.856 107.079 811.865 334.701 0.000 1129.340 1364.100 1507.399 173.254 200.360 867.788 167.538
350.721 618.095 1126.263 386.939 584.342 758.236 603.176 854.813 151.450 637.201 504.010 172.038 717.190 938.237 907.796 550.237 783.658 101.710 725.690 1069.924 403.317 751.599 505.951 227.015 256.189 771.946 404.079 284.861 547.154 654.248 774.994 134.302 974.276 276.422 442.113 659.464 682.018 624.007 735.650 471.038 696.432 412.972 922.749 444.946 370.267 220.020 641.346 544.960 941.804 1044.422 395.683 822.295 1129.340 0.000 347.140 430.726 1213.976 982.812 717.919 963.862
356.535 549.796 1412.213 677.729 610.247 895.207 932.269 1127.740 422.191 765.805 685.093 511.376 1056.038 1273.726 1097.645 279.659 618.639 327.886 1048.094 1372.839 629.435 744.640 851.429 403.051 588.008 671.063 171.493 530.004 340.154 432.030 1121.247 478.290 1249.933 215.557 515.102 873.147 959.857 967.393 793.000 778.964 517.789 317.805 1248.218 112.432 510.098 135.960 818.235 780.401 1287.977 1294.414 727.333 1033.685 1364.100 347.140 0.000 159.000 1475.541 1190.144 1064.640 1196.923
514.140 704.597 1539.699 798.159 769.247 1050.827 1033.536 1259.004 539.817 921.227 833.031 571.386 1146.942 1368.624 1248.218 395.457 753.011 374.433 1154.816 1492.325 767.672 902.095 930.817 398.323 686.023 818.704 321.006 660.622 477.297 556.152 1179.339 564.555 1380.818 189.114 671.840 1017.864 1088.303 1051.137 951.975 893.108 652.290 475.837 1352.871 214.037 659.919 217.610 968.597 919.269 1362.229 1433.567 826.057 1180.201 1507.399 430.726 159.000 0.000 1611.978 1338.314 1137.213 1339.878
1156.770 1175.444 167.003 827.118 1016.111 700.006 699.626 359.981 1077.914 792.336 804.801 1158.738 703.548 598.719 467.547 1482.272 1375.176 1307.235 585.817 291.007 846.158 1039.019 880.046 1394.920 977.272 1240.273 1397.681 951.601 1390.742 1443.556 945.751 1101.839 246.272 1488.281 1013.452 613.612 532.410 795.659 898.376 754.969 1378.498 1249.720 504.099 1517.135 977.413 1397.527 694.668 695.224 800.690 186.561 862.727 473.762 173.254 1213.976 1475.541 1611.978 0.000 364.726 842.820 300.603
847.531 825.655 423.090 619.556 670.439 343.433 627.214 288.321 833.864 451.363 505.405 974.542 705.386 715.765 105.929 1155.398 1016.697 1083.225 565.475 496.518 582.217 677.027 796.554 1191.819 786.451 879.384 1088.272 699.664 1057.314 1099.662 973.180 895.570 303.191 1242.411 693.195 324.624 379.269 759.011 537.629 590.617 1027.019 929.904 611.347 1214.473 680.054 1134.069 373.359 438.266 905.363 201.718 711.425 160.702 200.360 982.812 1190.144 1338.314 364.726 0.000 852.150 103.600
923.167 1124.250 687.695 501.169 996.393 898.765 253.797 571.014 673.962 862.263 729.396 566.001 148.030 297.321 855.147 1228.912 1343.384 763.010 287.294 575.022 642.701 1134.938 215.801 778.594 491.757 1266.117 1090.497 640.726 1189.360 1287.084 122.801 586.758 624.760 957.677 882.020 687.370 496.271 125.160 1030.206 409.445 1286.136 1025.543 353.510 1157.318 784.440 936.829 768.196 613.688 225.020 760.953 371.910 753.860 867.788 717.919 1064.640 1137.213 842.820 852.150 0.000 765.316
866.100 874.851 329.387 586.308 715.556 401.976 552.313 194.833 818.999 491.864 515.276 937.887 617.506 614.645 180.693 1186.196 1076.038 1062.169 478.085 394.726 573.413 743.001 727.902 1163.600 749.849 942.725 1107.833 686.793 1092.631 1143.395 884.774 866.044 199.810 1231.189 718.165 324.299 316.711 679.214 601.706 540.814 1077.933 955.471 509.810 1230.513 690.499 1130.044 396.840 422.765 806.742 117.427 660.161 173.770 167.538 963.862 1196.923 1339.878 300.603 103.600 765.316 0.000
